100 Immagini:
10 aug
Numero di Thread	Speedup	Efficienza
1	0.8453885494319857	0.8453885494319857
2	1.5515553018759436	0.7757776509379718
4	2.5501639030022702	0.6375409757505675
8	2.8967904379036016	0.3620988047379502
16	2.807592894083753	0.17547455588023456
32	2.460854487478422	0.0769017027330757

50 aug
Numero di Thread	Speedup	Efficienza
1	0.8457102103401615	0.8457102103401615
2	1.6048371568981568	0.8024185784490784
4	2.706905495829162	0.6767263739572905
8	3.245480558329498	0.40568506979118725
16	3.278332138168819	0.2048957586355512
32	3.1496031552365276	0.09842509860114149

150 aug
Numero di Thread	Speedup	Efficienza
1	0.8451973126752219	0.8451973126752219
2	1.6106238568497329	0.8053119284248664
4	2.7247761894332974	0.6811940473583243
8	3.302983341238278	0.4128729176547848
16	3.3430235834371653	0.20893897396482283
32	3.283055346367224	0.10259547957397575

200 Immagini:
10 aug
Numero di Thread	Speedup	Efficienza
1	0.8380055795058761	0.8380055795058761
2	1.5744037848618857	0.7872018924309429
4	2.5940728789541967	0.6485182197385492
8	3.1423510879881014	0.3927938859985127
16	2.99696535697859	0.18731033481116187
32	2.7822438560818092	0.08694512050255654

50 aug
Numero di Thread	Speedup	Efficienza
1	0.8385962355274507	0.8385962355274507
2	1.579034339668337	0.7895171698341685
4	2.671208686842276	0.667802171710569
8	3.2853916514555497	0.4106739564319437
16	3.2687141937342137	0.20429463710838835
32	3.2233968671860356	0.1007311520995636

150 aug
Numero di Thread	Speedup	Efficienza
1	0.8405002301315334	0.8405002301315334
2	1.5957775926672437	0.7978887963336219
4	2.6860346409886513	0.6715086602471628
8	3.31765055626531	0.41470631953316375
16	3.319588362301442	0.20747427264384012
32	3.2982352562691535	0.10306922675841104
